[gd_scene load_steps=8 format=3 uid="uid://dcri0ms4jpo0b"]

[ext_resource type="Script" path="res://Scenes/GameManager.gd" id="1_pp8yx"]
[ext_resource type="MeshLibrary" uid="uid://dkg8pof1sv0lx" path="res://assets/blocks.tres" id="2_jbrnd"]
[ext_resource type="PackedScene" uid="uid://6rejc6jnkefy" path="res://Scenes/player.tscn" id="3_8ebnx"]
[ext_resource type="PackedScene" uid="uid://ccbclg8vrknbp" path="res://Scenes/button.tscn" id="4_vite6"]
[ext_resource type="PackedScene" uid="uid://bmvwlslbcbns2" path="res://Scenes/platform.tscn" id="5_w1cyi"]
[ext_resource type="PackedScene" uid="uid://ci7xc5m7w6byr" path="res://Scenes/cloud.tscn" id="6_m22a3"]

[sub_resource type="BoxShape3D" id="BoxShape3D_kf34w"]
size = Vector3(3, 1, 3)

[node name="main" type="Node3D"]
script = ExtResource("1_pp8yx")

[node name="DirectionalLight3D2" type="DirectionalLight3D" parent="."]
transform = Transform3D(1, 0, 0, 0, -0.0429219, -0.999078, 0, 0.999078, -0.0429219, 0.00555105, -5.08617e-05, 0.00262019)
visible = false
light_energy = 2.0

[node name="DirectionalLight3D" type="DirectionalLight3D" parent="."]
transform = Transform3D(0.619341, 0.742748, -0.254444, 0, 0.324082, 0.946029, 0.785122, -0.585915, 0.200717, 0.00341952, 0, -5.37634e-05)
light_angular_distance = 90.0

[node name="GridMap" type="GridMap" parent="."]
mesh_library = ExtResource("2_jbrnd")
data = {
"cells": PackedInt32Array(0, 0, 0, 2, 65534, 2, 65534, 65534, 1048578, 65534, 2, 655362, 2, 2, 1441794, 2, 0, 1, 0, 2, 1441793, 65534, 0, 655361, 65534, 65519, 655362, 65534, 65515, 1048578, 65534, 65517, 655361, 2, 65517, 1, 2, 65519, 1441794, 2, 65515, 2, 0, 65515, 1048577, 0, 65519, 655360, 0, 65534, 655360)
}
metadata/_editor_floor_ = Vector3(0, 0, 0)

[node name="player" parent="." instance=ExtResource("3_8ebnx")]
transform = Transform3D(1, 0, 0, 0, 1, 0, 0, 0, 1, 1, 100, 1)

[node name="button" parent="." groups=["Button"] instance=ExtResource("4_vite6")]
transform = Transform3D(-4.37114e-08, 0, -1, 0, 1, 0, 1, 0, -4.37114e-08, 5.13602, 1, -3.16345)

[node name="button2" parent="." groups=["Button"] instance=ExtResource("4_vite6")]
transform = Transform3D(-4.37114e-08, 0, -1, 0, 1, 0, 1, 0, -4.37114e-08, 5.13314, 1, -1.66346)

[node name="button3" parent="." groups=["Button"] instance=ExtResource("4_vite6")]
transform = Transform3D(-4.37114e-08, 0, -1, 0, 1, 0, 1, 0, -4.37114e-08, 5.13026, 1, -0.163459)

[node name="Finish" type="Area3D" parent="."]
transform = Transform3D(1, 0, 0, 0, 1, 0, 0, 0, 1, 1, 0, -35.5)

[node name="CollisionShape3D" type="CollisionShape3D" parent="Finish"]
shape = SubResource("BoxShape3D_kf34w")

[node name="Platform" parent="." instance=ExtResource("5_w1cyi")]
transform = Transform3D(1, 0, 0, 0, 1, 0, 0, 0, 1, 1, 0.5, -10)
freeze = true
freeze_mode = 1

[node name="Platform2" parent="." instance=ExtResource("5_w1cyi")]
transform = Transform3D(1, 0, 0, 0, 1, 0, 0, 0, 1, 1, 0.5, -18.2683)
freeze = true
freeze_mode = 1

[node name="Platform3" parent="." instance=ExtResource("5_w1cyi")]
transform = Transform3D(1, 0, 0, 0, 1, 0, 0, 0, 1, 1, 0.5, -25.8414)
freeze = true
freeze_mode = 1

[node name="Clouds" type="Area3D" parent="."]
transform = Transform3D(-0.470797, -0.882241, -3.8564e-08, 0, -4.37114e-08, 1, -0.882241, 0.470797, 2.05792e-08, 0, 100, 0)

[node name="Cloud" parent="Clouds" instance=ExtResource("6_m22a3")]
transform = Transform3D(10, 9.53674e-07, 2.13163e-14, -9.53674e-07, 10, 7.37188e-14, -2.41585e-13, -8.95284e-13, 1, 18.2, 13.924, -56.7977)

[node name="Cloud2" parent="Clouds" instance=ExtResource("6_m22a3")]
transform = Transform3D(0.647936, 9.97899, 4.36196e-08, -9.97899, 0.647936, -4.08793e-08, -4.36196e-07, -4.08792e-07, 1, 12.3002, -12.864, -43.3545)

[node name="Cloud3" parent="Clouds" instance=ExtResource("6_m22a3")]
transform = Transform3D(10, 9.53674e-07, 1.42109e-14, -9.53674e-07, 10, 4.9738e-14, -1.42109e-13, -4.9738e-13, 1, -16.961, 7.543, -29.731)

[node name="Cloud4" parent="Clouds" instance=ExtResource("6_m22a3")]
transform = Transform3D(9.24579, -3.8099, -1.66536e-08, 3.8099, 9.24579, -3.29671e-09, 1.66536e-07, -3.29679e-08, 1, -1.899, 17.485, -18.963)

[node name="Cloud5" parent="Clouds" instance=ExtResource("6_m22a3")]
transform = Transform3D(-9.51846, -3.06576, -1.34009e-08, 3.06576, -9.51846, -8.5318e-08, 1.34009e-07, -8.5318e-07, 1, -4.484, -0.664, -7.68)

[node name="Cloud6" parent="Clouds" instance=ExtResource("6_m22a3")]
transform = Transform3D(-0.56989, -9.98375, -4.36403e-08, 9.98375, -0.56989, -4.62025e-08, 4.36404e-07, -4.62024e-07, 1, 4.143, -25.998, 6.855)

[node name="Clouds2" type="Area3D" parent="."]
transform = Transform3D(-0.470797, -0.882241, -3.8564e-08, 0, -4.37114e-08, 1, -0.882241, 0.470797, 2.05792e-08, 0, -75, 0)

[node name="Cloud" parent="Clouds2" instance=ExtResource("6_m22a3")]
transform = Transform3D(10, 9.53674e-07, 2.13163e-14, -9.53674e-07, 10, 7.37188e-14, -2.41585e-13, -8.95284e-13, 1, 18.2, 13.924, -56.7977)

[node name="Cloud2" parent="Clouds2" instance=ExtResource("6_m22a3")]
transform = Transform3D(0.647936, 9.97899, 4.36196e-08, -9.97899, 0.647936, -4.08793e-08, -4.36196e-07, -4.08792e-07, 1, 12.3002, -12.864, -43.3545)

[node name="Cloud3" parent="Clouds2" instance=ExtResource("6_m22a3")]
transform = Transform3D(10, 9.53674e-07, 1.42109e-14, -9.53674e-07, 10, 4.9738e-14, -1.42109e-13, -4.9738e-13, 1, -16.961, 7.543, -29.731)

[node name="Cloud4" parent="Clouds2" instance=ExtResource("6_m22a3")]
transform = Transform3D(9.24579, -3.8099, -1.66536e-08, 3.8099, 9.24579, -3.29671e-09, 1.66536e-07, -3.29679e-08, 1, -1.899, 17.485, -18.963)

[node name="Cloud5" parent="Clouds2" instance=ExtResource("6_m22a3")]
transform = Transform3D(-9.51846, -3.06576, -1.34009e-08, 3.06576, -9.51846, -8.5318e-08, 1.34009e-07, -8.5318e-07, 1, -4.484, -0.664, -7.68)

[node name="Cloud6" parent="Clouds2" instance=ExtResource("6_m22a3")]
transform = Transform3D(-0.56989, -9.98375, -4.36403e-08, 9.98375, -0.56989, -4.62025e-08, 4.36404e-07, -4.62024e-07, 1, 4.143, -25.998, 6.855)

[node name="Camera3D" type="Camera3D" parent="."]
transform = Transform3D(0.999898, 0.0138784, -0.00335649, -0.00478037, 0.546887, 0.837193, 0.0134545, -0.837092, 0.546897, -20.7391, 245.115, 302.623)

[connection signal="body_entered" from="Finish" to="." method="_on_finish_body_entered"]
